*    FB  Tele Strip  Intertcept   	Slope
     0     0     0   -0.415389    0.00667504
     0     0     1   -0.395929    0.00672996
     0     0     2   -0.467931    0.00664923
     0     0     3   -0.286191    0.00676206
     0     0     4   -0.305877    0.00668269
     0     0     5   -0.315939    0.00675228
     0     0     6   -0.484185    0.00675165
     0     0     7   -0.337491    0.00677941
     0     0     8   -0.541110    0.00667819
     0     0     9   -0.636169    0.00677011
     0     0    10   -0.572728    0.00666093
     0     0    11   -0.463142    0.00680731
     0     0    12   -0.590567    0.00666398
     0     0    13   -0.438781    0.00681189
     0     0    14   -0.478691    0.00676116
     0     0    15   -0.476046    0.00679344
     0     0    16   -0.566898    0.00664868
     0     0    17   -0.363859    0.00680821
     0     0    18   -1.207853    0.00666076
     0     0    19   -0.414767    0.00676720
     0     0    20   -0.666672    0.00662186
     0     0    21   -0.496654    0.00674605
     0     0    22   -0.511915    0.00669207
     0     0    23   -0.601971    0.00676517
     0     0    24   -0.663409    0.00663999
     0     0    25   -0.478538    0.00678333
     0     0    26   -0.679914    0.00666503
     0     0    27   -0.491600    0.00675655
     0     0    28   -0.616851    0.00663845
     0     0    29   -0.306110    0.00683571
     0     0    30   -0.779200    0.00660694
     0     0    31   -0.646665    0.00674555
     0     1     0   -0.368603    0.00671682
     0     1     1   -0.237621    0.00686292
     0     1     2   -0.515236    0.00663996
     0     1     3   -0.485795    0.00691585
     0     1     4   -0.330744    0.00680570
     0     1     5   -0.473226    0.00686257
     0     1     6   -0.473278    0.00665784
     0     1     7   -0.124898    0.00692882
     0     1     8   -0.393287    0.00687956
     0     1     9   -0.535306    0.00692421
     0     1    10   -0.710028    0.00669176
     0     1    11   -0.516893    0.00687887
     0     1    12   -0.643189    0.00670673
     0     1    13   -0.523330    0.00691086
     0     1    14   -0.597252    0.00669065
     0     1    15   -0.494298    0.00691186
     0     1    16   -0.539059    0.00668803
     0     1    17   -0.394349    0.00686205
     0     1    18   -0.464104    0.00670215
     0     1    19   -0.545856    0.00692301
     0     1    20   -0.711016    0.00664878
     0     1    21   -0.627517    0.00694180
     0     1    22   -0.616038    0.00670217
     0     1    23   -0.435027    0.00685575
     0     1    24   -0.678192    0.00673047
     0     1    25   -0.533862    0.00687439
     0     1    26   -0.683648    0.00668069
     0     1    27   -0.542929    0.00685312
     0     1    28   -0.335849    0.00667251
     0     1    29   -0.645781    0.00687167
     0     1    30   -0.547011    0.00673170
     0     1    31   -0.621159    0.00683021
     0     2     0   -0.694401    0.00678647
     0     2     1   -0.347055    0.00677255
     0     2     2   -0.711941    0.00679237
     0     2     3   -0.408895    0.00678153
     0     2     4   -0.546875    0.00680324
     0     2     5   -0.344934    0.00678910
     0     2     6   -0.561903    0.00678814
     0     2     7   -0.357458    0.00676590
     0     2     8   -0.668635    0.00674271
     0     2     9   -0.557564    0.00675304
     0     2    10   -0.831937    0.00685313
     0     2    11   -0.582809    0.00678239
     0     2    12   -0.718122    0.00678750
     0     2    13   -0.495569    0.00674868
     0     2    14   -0.487429    0.00683814
     0     2    15   -0.524164    0.00673480
     0     2    16   -0.708027    0.00678951
     0     2    17   -0.563493    0.00675751
     0     2    18   -0.650734    0.00686313
     0     2    19   -0.519905    0.00682358
     0     2    20   -0.787274    0.00680023
     0     2    21   -0.506475    0.00678291
     0     2    22   -0.642467    0.00681031
     0     2    23   -0.679693    0.00677146
     0     2    24   -0.547007    0.00684934
     0     2    25   -0.525663    0.00676048
     0     2    26   -0.789300    0.00679965
     0     2    27   -0.481689    0.00679271
     0     2    28   -0.615991    0.00681086
     0     2    29   -0.656578    0.00676167
     0     2    30   -0.670201    0.00677169
     0     2    31   -0.524372    0.00679854
     0     3     0   -0.431099    0.00715303
     0     3     1   -0.174614    0.00686176
     0     3     2   -0.293561    0.00717448
     0     3     3   -0.133142    0.00689037
     0     3     4   -0.515227    0.00717548
     0     3     5   -0.314896    0.00692301
     0     3     6   -0.314896    0.00692301
     0     3     7   -0.314896    0.00692301
     0     3     8   -0.660728    0.00718244
     0     3     9   -0.660728    0.00718244
     0     3    10   -0.660728    0.00718244
     0     3    11   -0.518998    0.00692584
     0     3    12   -0.597215    0.00711756
     0     3    13   -0.536842    0.00688444
     0     3    14   -0.717792    0.00711386
     0     3    15   -0.139467    0.00694125
     0     3    16   -0.411346    0.00723402
     0     3    17   -0.246106    0.00690741
     0     3    18   -0.506129    0.00718698
     0     3    19   -0.416269    0.00689097
     0     3    20   -0.587964    0.00715947
     0     3    21   -0.172629    0.00692317
     0     3    22   -0.684255    0.00716518
     0     3    23   -0.360895    0.00685065
     0     3    24   -0.569624    0.00719092
     0     3    25   -0.507469    0.00686612
     0     3    26   -0.678818    0.00721025
     0     3    27   -0.497739    0.00685014
     0     3    28   -0.839157    0.00707939
     0     3    29   -0.398967    0.00686983
     0     3    30   -0.650950    0.00713331
     0     3    31   -0.634547    0.00693375
     0     4     0   -0.605749    0.00700828
     0     4     1   -0.455772    0.00699764
     0     4     2   -0.675694    0.00698366
     0     4     3   -0.414084    0.00697940
     0     4     4   -0.470731    0.00707214
     0     4     5   -0.269955    0.00703130
     0     4     6   -0.248948    0.00698869
     0     4     7   -0.588227    0.00703813
     0     4     8   -0.580685    0.00701065
     0     4     9   -0.677660    0.00695328
     0     4    10   -0.877949    0.00704780
     0     4    11   -0.520034    0.00698799
     0     4    12   -0.800755    0.00698648
     0     4    13   -0.747700    0.00694455
     0     4    14   -0.690134    0.00699055
     0     4    15   -0.678966    0.00689550
     0     4    16   -0.519267    0.00699652
     0     4    17   -0.436829    0.00696803
     0     4    18   -0.718689    0.00699559
     0     4    19   -0.700536    0.00693785
     0     4    20   -0.763244    0.00696577
     0     4    21   -0.804563    0.00693382
     0     4    22   -0.613774    0.00692049
     0     4    23   -0.825218    0.00688535
     0     4    24   -0.746350    0.00693561
     0     4    25   -0.993904    0.00692423
     0     4    26   -0.530271    0.00694823
     0     4    27   -0.823331    0.00692919
     0     4    28   -0.723072    0.00695455
     0     4    29   -0.746332    0.00688280
     0     4    30   -1.148415    0.00690905
     0     4    31   -0.612630    0.00694258
     0     5     0   -0.328513    0.00721862
     0     5     1   -0.181837    0.00673416
     0     5     2   -0.360706    0.00692488
     0     5     3   -0.160320    0.00664890
     0     5     4   -0.424813    0.00685599
     0     5     5   -0.167498    0.00663732
     0     5     6   -0.456604    0.00684669
     0     5     7   -0.216051    0.00665212
     0     5     8   -0.608801    0.00684019
     0     5     9   -0.340042    0.00665942
     0     5    10   -1.036830    0.00694972
     0     5    11   -0.424386    0.00688825
     0     5    12   -0.558537    0.00717667
     0     5    13   -0.263169    0.00687295
     0     5    14   -0.740673    0.00713223
     0     5    15   -0.193728    0.00678125
     0     5    16   -0.349506    0.00701156
     0     5    17   -0.207905    0.00681267
     0     5    18   -0.599316    0.00701089
     0     5    19   -0.392797    0.00689677
     0     5    20   -0.536003    0.00707718
     0     5    21   -0.242435    0.00683569
     0     5    22   -0.406748    0.00696818
     0     5    23   -0.410121    0.00666360
     0     5    24   -0.524663    0.00685094
     0     5    25   -0.222654    0.00665500
     0     5    26   -0.619623    0.00691846
     0     5    27   -0.307997    0.00662607
     0     5    28   -0.760595    0.00680707
     0     5    29   -0.338892    0.00662499
     0     5    30   -0.460770    0.00687139
     0     5    31   -0.275137    0.00703428
     0     6     0   -0.365550    0.00688318
     0     6     1   -0.326399    0.00675743
     0     6     2   -0.639847    0.00685853
     0     6     3   -0.181306    0.00675804
     0     6     4   -0.497096    0.00690611
     0     6     5   -0.339034    0.00676268
     0     6     6   -0.335892    0.00689600
     0     6     7   -0.064093    0.00684245
     0     6     8   -0.872568    0.00687173
     0     6     9   -0.426617    0.00676239
     0     6    10   -0.643171    0.00686926
     0     6    11   -0.515167    0.00677053
     0     6    12   -0.723917    0.00693401
     0     6    13   -0.560785    0.00678743
     0     6    14   -0.486971    0.00693595
     0     6    15   -0.290152    0.00680074
     0     6    16   -0.582101    0.00694216
     0     6    17   -0.487478    0.00676808
     0     6    18   -0.824767    0.00694907
     0     6    19   -0.451359    0.00676346
     0     6    20   -0.572772    0.00691182
     0     6    21   -0.497034    0.00675098
     0     6    22   -0.814521    0.00690688
     0     6    23   -0.494575    0.00675237
     0     6    24   -0.747073    0.00688812
     0     6    25   -0.554657    0.00674174
     0     6    26   -0.764083    0.00689908
     0     6    27   -0.485388    0.00675578
     0     6    28   -0.697974    0.00687779
     0     6    29   -0.367938    0.00675511
     0     6    30   -0.682285    0.00694563
     0     6    31   -0.378731    0.00673321
     0     7     0   -0.324441    0.00676895
     0     7     1   -0.200486    0.00689773
     0     7     2   -0.278876    0.00669883
     0     7     3   -0.280599    0.00694359
     0     7     4   -0.169069    0.00669696
     0     7     5    0.019854    0.00690643
     0     7     6   -0.630352    0.00666586
     0     7     7   -0.143838    0.00689700
     0     7     8   -0.358389    0.00681418
     0     7     9   -0.551056    0.00687743
     0     7    10   -0.519398    0.00658356
     0     7    11   -0.322120    0.00693116
     0     7    12   -0.697822    0.00671344
     0     7    13   -0.563482    0.00693477
     0     7    14   -0.712603    0.00672523
     0     7    15   -0.346951    0.00701918
     0     7    16   -0.550846    0.00671432
     0     7    17   -0.056064    0.00699463
     0     7    18   -0.598139    0.00690258
     0     7    19   -0.224238    0.00693585
     0     7    20   -0.660740    0.00671191
     0     7    21   -0.535533    0.00688434
     0     7    22   -0.500168    0.00666986
     0     7    23    0.010471    0.00708462
     0     7    24   -0.486734    0.00675047
     0     7    25   -0.336220    0.00688985
     0     7    26   -0.508738    0.00681162
     0     7    27   -0.362344    0.00688175
     0     7    28   -0.622169    0.00669057
     0     7    29   -0.208062    0.00690476
     0     7    30   -0.412113    0.00675606
     0     7    31   -0.591815    0.00681915
     0     8     0   -0.464648    0.00685012
     0     8     1   -0.349896    0.00695660
     0     8     2   -0.397122    0.00686964
     0     8     3   -0.467263    0.00697363
     0     8     4   -0.541056    0.00683768
     0     8     5   -0.185411    0.00696383
     0     8     6   -0.473671    0.00686895
     0     8     7   -0.305560    0.00702080
     0     8     8   -0.689055    0.00686927
     0     8     9   -0.491835    0.00697766
     0     8    10   -0.583320    0.00688298
     0     8    11   -0.449007    0.00697304
     0     8    12   -0.494580    0.00693481
     0     8    13   -0.573438    0.00695598
     0     8    14   -0.771195    0.00690262
     0     8    15   -0.788360    0.00697552
     0     8    16   -0.538509    0.00686855
     0     8    17   -0.436564    0.00697978
     0     8    18   -0.654804    0.00680663
     0     8    19   -0.480196    0.00700463
     0     8    20   -0.614864    0.00683214
     0     8    21   -0.578826    0.00697110
     0     8    22   -0.708196    0.00683772
     0     8    23   -0.438955    0.00699477
     0     8    24   -0.376710    0.00684501
     0     8    25   -0.653892    0.00694367
     0     8    26   -0.455846    0.00688562
     0     8    27   -0.618256    0.00695876
     0     8    28   -0.794783    0.00683285
     0     8    29   -0.514328    0.00691766
     0     8    30   -0.418681    0.00687250
     0     8    31   -0.561614    0.00703037
     0     9     0   -0.553620    0.00682458
     0     9     1   -0.137860    0.00688749
     0     9     2   -0.317117    0.00701052
     0     9     3   -0.276805    0.00684881
     0     9     4   -0.753095    0.00683436
     0     9     5   -0.133099    0.00689126
     0     9     6   -0.350321    0.00684564
     0     9     7   -0.387010    0.00691326
     0     9     8   -0.704774    0.00682797
     0     9     9   -0.593169    0.00688339
     0     9    10   -0.671873    0.00684253
     0     9    11   -0.494817    0.00688654
     0     9    12   -0.642503    0.00682928
     0     9    13   -0.614530    0.00689703
     0     9    14   -0.498126    0.00686607
     0     9    15   -0.498126    0.00686607
     0     9    16   -0.391188    0.00748342
     0     9    17   -0.274177    0.00689131
     0     9    18   -0.656074    0.00681681
     0     9    19   -0.575201    0.00698557
     0     9    20   -0.533532    0.00680410
     0     9    21   -0.453856    0.00689224
     0     9    22   -0.527143    0.00682524
     0     9    23   -0.605138    0.00695078
     0     9    24   -0.616374    0.00679091
     0     9    25   -0.560583    0.00688143
     0     9    26   -0.731446    0.00678270
     0     9    27   -0.514920    0.00693815
     0     9    28   -0.494797    0.00682062
     0     9    29   -0.575191    0.00686530
     0     9    30   -0.471639    0.00684684
     0     9    31   -0.587289    0.00687588
     0    10     0   -0.774319    0.00697911
     0    10     1   -0.276449    0.00697144
     0    10     2   -0.509896    0.00702703
     0    10     3   -0.331177    0.00687925
     0    10     4   -0.476207    0.00702253
     0    10     5   -0.279508    0.00694998
     0    10     6   -0.603577    0.00703234
     0    10     7   -0.368288    0.00691338
     0    10     8   -0.613576    0.00700618
     0    10     9   -0.551658    0.00689824
     0    10    10   -0.663575    0.00703102
     0    10    11   -0.547965    0.00687440
     0    10    12   -0.619624    0.00704907
     0    10    13   -0.330369    0.00693909
     0    10    14   -0.884681    0.00699043
     0    10    15   -0.378762    0.00688608
     0    10    16   -0.477443    0.00703594
     0    10    17   -0.510474    0.00689345
     0    10    18   -0.707766    0.00695951
     0    10    19   -0.438904    0.00689766
     0    10    20   -0.474060    0.00698660
     0    10    21   -0.530944    0.00685537
     0    10    22   -0.606895    0.00697606
     0    10    23   -0.597448    0.00689722
     0    10    24   -0.614737    0.00697588
     0    10    25   -0.338700    0.00689323
     0    10    26   -0.866374    0.00693269
     0    10    27   -0.503339    0.00689797
     0    10    28   -0.743342    0.00694933
     0    10    29   -0.679787    0.00686552
     0    10    30   -0.617958    0.00700873
     0    10    31   -0.610803    0.00686394
     0    11     0   -0.373829    0.00666594
     0    11     1   -0.272613    0.00709101
     0    11     2   -0.337079    0.00667352
     0    11     3   -0.424782    0.00715221
     0    11     4   -0.184130    0.00674474
     0    11     5   -0.348484    0.00710717
     0    11     6   -0.610038    0.00667417
     0    11     7   -0.373212    0.00711796
     0    11     8   -0.621186    0.00664231
     0    11     9   -0.340747    0.00713575
     0    11    10   -0.540019    0.00671627
     0    11    11   -0.659092    0.00719053
     0    11    12   -0.712044    0.00662849
     0    11    13   -0.598498    0.00717375
     0    11    14   -0.853657    0.00661303
     0    11    15   -0.534865    0.00720590
     0    11    16   -0.545491    0.00669312
     0    11    17   -0.649183    0.00720360
     0    11    18   -0.485803    0.00667709
     0    11    19   -0.336915    0.00721011
     0    11    20   -0.572267    0.00670167
     0    11    21   -0.444870    0.00719094
     0    11    22   -0.758003    0.00664417
     0    11    23   -0.544929    0.00715891
     0    11    24   -0.724080    0.00664202
     0    11    25   -0.617316    0.00716775
     0    11    26   -0.536571    0.00666852
     0    11    27   -0.818541    0.00717613
     0    11    28   -0.637134    0.00669994
     0    11    29   -0.516050    0.00721577
     0    11    30   -0.617577    0.00667983
     0    11    31   -0.636427    0.00722868
     1     0     0   -1.033872    0.00697541
     1     0     1   -0.974339    0.00718587
     1     0     2   -1.038813    0.00696374
     1     0     3   -1.071961    0.00708746
     1     0     4   -1.055635    0.00696230
     1     0     5   -1.116791    0.00707968
     1     0     6   -0.887917    0.00695994
     1     0     7   -1.135142    0.00706317
     1     0     8   -0.987911    0.00695936
     1     0     9   -1.229511    0.00706738
     1     0    10   -1.002617    0.00697450
     1     0    11   -1.134574    0.00711326
     1     0    12   -1.163731    0.00694518
     1     0    13   -1.197744    0.00710342
     1     0    14   -1.035532    0.00698746
     1     0    15   -1.202563    0.00707731
     1     0    16   -1.069643    0.00701060
     1     0    17   -1.131385    0.00707172
     1     0    18   -0.952176    0.00698440
     1     0    19   -1.111873    0.00705581
     1     0    20   -0.981902    0.00702532
     1     0    21   -1.037716    0.00700596
     1     0    22   -1.028364    0.00700379
     1     0    23   -0.960264    0.00700024
     1     0    24   -1.047372    0.00699901
     1     0    25   -1.157566    0.00705413
     1     0    26   -1.110296    0.00703994
     1     0    27   -1.275532    0.00706619
     1     0    28   -1.040352    0.00699056
     1     0    29   -1.216276    0.00705619
     1     0    30   -1.090679    0.00700798
     1     0    31   -1.170177    0.00697728
     1     1     0   -1.054828    0.00732272
     1     1     1   -1.183154    0.00715558
     1     1     2   -1.141130    0.00735734
     1     1     3   -1.091782    0.00712609
     1     1     4   -1.059581    0.00736530
     1     1     5   -1.083290    0.00711155
     1     1     6   -1.066726    0.00738096
     1     1     7   -1.176129    0.00714325
     1     1     8   -1.178144    0.00737008
     1     1     9   -1.048043    0.00710407
     1     1    10   -1.056276    0.00739482
     1     1    11   -1.097784    0.00710741
     1     1    12   -1.072404    0.00736197
     1     1    13   -1.164753    0.00714219
     1     1    14   -1.089434    0.00735987
     1     1    15   -1.262811    0.00710854
     1     1    16   -0.940780    0.00739815
     1     1    17   -0.940780    0.00739815
     1     1    18   -1.127253    0.00736492
     1     1    19   -1.102551    0.00710672
     1     1    20   -1.170062    0.00739627
     1     1    21   -1.084662    0.00705337
     1     1    22   -1.237019    0.00736541
     1     1    23   -1.236949    0.00707549
     1     1    24   -1.148738    0.00738000
     1     1    25   -1.149268    0.00705964
     1     1    26   -1.112295    0.00736581
     1     1    27   -1.140026    0.00703313
     1     1    28   -1.163723    0.00738333
     1     1    29   -1.082777    0.00701674
     1     1    30   -1.100428    0.00737255
     1     1    31   -1.176519    0.00709525
     1     2     0   -1.173698    0.00720130
     1     2     1   -1.215979    0.00732446
     1     2     2   -1.049978    0.00722849
     1     2     3   -1.099266    0.00737335
     1     2     4   -1.134125    0.00727665
     1     2     5   -1.133072    0.00736363
     1     2     6   -1.117208    0.00723059
     1     2     7   -1.209195    0.00734828
     1     2     8   -1.124751    0.00726401
     1     2     9   -1.271141    0.00738482
     1     2    10   -1.003242    0.00726846
     1     2    11   -1.176724    0.00737840
     1     2    12   -1.095030    0.00721172
     1     2    13   -1.176203    0.00739956
     1     2    14   -1.114217    0.00722114
     1     2    15   -1.267629    0.00736311
     1     2    16   -1.111396    0.00724627
     1     2    17   -1.167744    0.00739802
     1     2    18   -0.976244    0.00723366
     1     2    19   -1.201602    0.00739941
     1     2    20   -1.106344    0.00723343
     1     2    21   -1.089483    0.00741345
     1     2    22   -1.146376    0.00723039
     1     2    23   -1.244779    0.00743460
     1     2    24   -1.132419    0.00716838
     1     2    25   -1.162344    0.00738358
     1     2    26   -1.176894    0.00721221
     1     2    27   -1.291132    0.00735823
     1     2    28   -1.159003    0.00718200
     1     2    29   -1.257800    0.00741732
     1     2    30   -1.200010    0.00719981
     1     2    31   -1.146124    0.00731735
     1     3     0   -0.988746    0.00702505
     1     3     1   -1.111804    0.00712536
     1     3     2   -1.001801    0.00708058
     1     3     3   -1.158618    0.00711244
     1     3     4   -1.004257    0.00707940
     1     3     5   -1.188353    0.00706838
     1     3     6   -1.037892    0.00708030
     1     3     7   -1.143403    0.00705604
     1     3     8   -0.946597    0.00706558
     1     3     9   -1.247876    0.00706003
     1     3    10   -1.042743    0.00705639
     1     3    11   -1.070893    0.00711316
     1     3    12   -1.067566    0.00705722
     1     3    13   -1.044637    0.00705201
     1     3    14   -1.097147    0.00708953
     1     3    15   -1.164767    0.00708278
     1     3    16   -1.091728    0.00705929
     1     3    17   -1.097443    0.00713226
     1     3    18   -1.087889    0.00707940
     1     3    19   -1.213753    0.00709363
     1     3    20   -0.981604    0.00703581
     1     3    21   -1.057338    0.00707157
     1     3    22   -1.071285    0.00702781
     1     3    23   -1.132957    0.00702996
     1     3    24   -1.097456    0.00707094
     1     3    25   -1.081522    0.00708675
     1     3    26   -1.086819    0.00701274
     1     3    27   -1.077174    0.00706858
     1     3    28   -0.982065    0.00705138
     1     3    29   -1.165191    0.00708648
     1     3    30   -1.107607    0.00697134
     1     3    31   -1.225449    0.00709116
     1     4     0   -0.858767    0.00718711
     1     4     1   -0.928898    0.00727050
     1     4     2   -0.951782    0.00717812
     1     4     3   -1.117355    0.00725408
     1     4     4   -1.080066    0.00717676
     1     4     5   -1.113822    0.00724277
     1     4     6   -1.017458    0.00722821
     1     4     7   -1.053479    0.00724059
     1     4     8   -0.917836    0.00719143
     1     4     9   -1.133446    0.00722907
     1     4    10   -0.972690    0.00716229
     1     4    11   -1.140798    0.00720350
     1     4    12   -1.064380    0.00720497
     1     4    13   -1.083855    0.00721457
     1     4    14   -1.027723    0.00726020
     1     4    15   -1.132314    0.00725924
     1     4    16   -0.953770    0.00725810
     1     4    17   -1.161561    0.00729774
     1     4    18   -0.976963    0.00717046
     1     4    19   -1.117443    0.00728966
     1     4    20   -0.992063    0.00718740
     1     4    21   -1.124614    0.00722161
     1     4    22   -1.024247    0.00721178
     1     4    23   -1.081338    0.00722958
     1     4    24   -1.111865    0.00720901
     1     4    25   -1.135926    0.00721098
     1     4    26   -1.058297    0.00719859
     1     4    27   -1.107053    0.00721035
     1     4    28   -1.100632    0.00717569
     1     4    29   -1.180566    0.00720024
     1     4    30   -1.184413    0.00718930
     1     4    31   -1.119997    0.00719967
     1     5     0   -1.037854    0.00721065
     1     5     1   -1.211940    0.00714205
     1     5     2   -1.278583    0.00720064
     1     5     3   -1.134230    0.00705277
     1     5     4   -1.178838    0.00720380
     1     5     5   -1.148265    0.00706858
     1     5     6   -1.166643    0.00721840
     1     5     7   -1.123089    0.00705721
     1     5     8   -1.091384    0.00719483
     1     5     9   -1.120142    0.00705840
     1     5    10   -1.058867    0.00723689
     1     5    11   -1.167826    0.00708253
     1     5    12   -1.153605    0.00723195
     1     5    13   -1.096727    0.00708225
     1     5    14   -1.145606    0.00724510
     1     5    15   -1.074847    0.00710332
     1     5    16   -1.020679    0.00725920
     1     5    17   -1.163304    0.00709878
     1     5    18   -1.095488    0.00719661
     1     5    19   -1.138940    0.00707874
     1     5    20   -1.153694    0.00719002
     1     5    21   -1.285735    0.00710518
     1     5    22   -1.137660    0.00723512
     1     5    23   -1.193953    0.00708025
     1     5    24   -1.051715    0.00723058
     1     5    25   -1.116370    0.00707688
     1     5    26   -1.145133    0.00723135
     1     5    27   -1.046523    0.00709667
     1     5    28   -1.122990    0.00720248
     1     5    29   -1.219604    0.00710555
     1     5    30   -1.164105    0.00722564
     1     5    31   -1.281806    0.00718358
     1     6     0   -1.054904    0.00777298
     1     6     1   -7.697213    0.01565340
     1     6     2   -1.056607    0.00783564
     1     6     3   -1.145485    0.00734691
     1     6     4   -1.131427    0.00782764
     1     6     5   -0.997754    0.00725123
     1     6     6   -1.173174    0.00788227
     1     6     7   -1.007312    0.00723196
     1     6     8   -1.296227    0.00780583
     1     6     9   -1.116471    0.00732853
     1     6    10   -1.015063    0.00782771
     1     6    11   -1.083812    0.00728494
     1     6    12   -1.092360    0.00777801
     1     6    13   -0.981681    0.00735625
     1     6    14   -1.230311    0.00779909
     1     6    15   -0.934692    0.00726934
     1     6    16   -1.081592    0.00777750
     1     6    17   -1.069138    0.00725678
     1     6    18   -1.107936    0.00773749
     1     6    19   -1.023659    0.00719848
     1     6    20   -1.121488    0.00777487
     1     6    21   -1.058110    0.00727913
     1     6    22   -1.083685    0.00772851
     1     6    23   -0.893300    0.00716600
     1     6    24   -1.119610    0.00772102
     1     6    25   -1.060720    0.00721522
     1     6    26   -0.994533    0.00769758
     1     6    27   -0.957282    0.00714043
     1     6    28   -1.138759    0.00771094
     1     6    29   -0.977966    0.00720550
     1     6    30   -1.167763    0.00767108
     1     6    31  -14.383085    0.02103137
     1     7     0   -0.977327    0.00720195
     1     7     1   -1.161861    0.00737486
     1     7     2   -1.147126    0.00720779
     1     7     3   -1.192383    0.00730282
     1     7     4   -1.083487    0.00737899
     1     7     5   -1.300045    0.00734682
     1     7     6   -1.110573    0.00725417
     1     7     7   -1.310776    0.00732390
     1     7     8   -1.128631    0.00721628
     1     7     9   -1.219061    0.00733454
     1     7    10   -1.034829    0.00728419
     1     7    11   -1.114462    0.00731233
     1     7    12   -1.116809    0.00724917
     1     7    13   -1.305405    0.00733977
     1     7    14   -1.068428    0.00723849
     1     7    15   -1.108554    0.00736860
     1     7    16   -1.156027    0.00726621
     1     7    17   -1.076507    0.00734157
     1     7    18   -1.144485    0.00723292
     1     7    19   -0.532194    0.00680520
     1     7    20   -1.046948    0.00724513
     1     7    21   -1.152172    0.00733204
     1     7    22   -1.145057    0.00723943
     1     7    23   -1.121835    0.00733661
     1     7    24   -1.173793    0.00726471
     1     7    25   -1.285045    0.00733314
     1     7    26   -1.056874    0.00722515
     1     7    27   -1.206641    0.00732377
     1     7    28   -1.166143    0.00725109
     1     7    29   -1.089990    0.00730304
     1     7    30   -1.057619    0.00723093
     1     7    31   -1.267145    0.00737220
     1     8     0   -0.900372    0.00723131
     1     8     1   -1.120352    0.00713990
     1     8     2   -1.110268    0.00731241
     1     8     3   -1.139811    0.00716238
     1     8     4   -1.138970    0.00726265
     1     8     5   -1.118383    0.00723504
     1     8     6   -0.941961    0.00726517
     1     8     7   -1.214348    0.00717427
     1     8     8   -1.090065    0.00725944
     1     8     9   -1.203897    0.00717518
     1     8    10   -1.058265    0.00725584
     1     8    11   -1.122034    0.00717230
     1     8    12   -1.044527    0.00727173
     1     8    13   -1.174297    0.00716689
     1     8    14   -1.071188    0.00729799
     1     8    15   -1.335029    0.00718758
     1     8    16   -1.039943    0.00727997
     1     8    17   -1.277062    0.00715577
     1     8    18   -0.978675    0.00729272
     1     8    19   -1.315853    0.00712511
     1     8    20   -0.995693    0.00726611
     1     8    21   -1.202603    0.00713053
     1     8    22   -1.029440    0.00726808
     1     8    23   -1.052861    0.00713180
     1     8    24   -1.037446    0.00729023
     1     8    25   -1.308550    0.00712725
     1     8    26   -1.078771    0.00727679
     1     8    27   -1.263084    0.00711628
     1     8    28   -1.018575    0.00725992
     1     8    29   -1.240444    0.00708628
     1     8    30   -1.067558    0.00726896
     1     8    31   -1.112598    0.00702095
     1     9     0   -1.050564    0.00732002
     1     9     1   -1.321161    0.00732484
     1     9     2   -1.117792    0.00734191
     1     9     3   -1.331900    0.00727201
     1     9     4   -1.122392    0.00737970
     1     9     5   -1.340816    0.00727894
     1     9     6   -1.188880    0.00735915
     1     9     7   -1.261873    0.00727796
     1     9     8   -1.118774    0.00735875
     1     9     9   -1.356570    0.00728852
     1     9    10   -1.025008    0.00737754
     1     9    11   -1.244604    0.00727633
     1     9    12   -1.150102    0.00734120
     1     9    13   -1.238746    0.00723874
     1     9    14   -1.074718    0.00735754
     1     9    15   -1.532238    0.00729411
     1     9    16   -1.120323    0.00738765
     1     9    17   -1.335901    0.00733946
     1     9    18   -1.045313    0.00736167
     1     9    19   -1.264793    0.00723534
     1     9    20   -0.992103    0.00735912
     1     9    21   -1.337074    0.00725838
     1     9    22   -1.255012    0.00736645
     1     9    23   -1.421296    0.00724925
     1     9    24   -1.100262    0.00730968
     1     9    25   -1.303099    0.00718994
     1     9    26   -1.145095    0.00736453
     1     9    27   -1.407866    0.00724648
     1     9    28   -1.184763    0.00734714
     1     9    29   -1.283935    0.00726925
     1     9    30   -1.287679    0.00732445
     1     9    31   -1.377563    0.00723609
     1    10     0   -0.896551    0.00710847
     1    10     1   -1.090895    0.00699151
     1    10     2   -0.955686    0.00713367
     1    10     3   -1.248173    0.00690150
     1    10     4   -1.132329    0.00713229
     1    10     5   -1.222471    0.00689927
     1    10     6   -1.114491    0.00708771
     1    10     7   -1.173460    0.00689197
     1    10     8   -0.938206    0.00715096
     1    10     9   -1.046054    0.00689723
     1    10    10   -0.943065    0.00711272
     1    10    11   -1.131663    0.00691274
     1    10    12   -0.919278    0.00714075
     1    10    13   -1.124070    0.00692116
     1    10    14   -1.133557    0.00713863
     1    10    15   -1.140599    0.00693106
     1    10    16   -1.088430    0.00711046
     1    10    17   -1.094605    0.00692972
     1    10    18   -1.102895    0.00713404
     1    10    19   -1.176677    0.00690811
     1    10    20   -1.112626    0.00711407
     1    10    21   -1.292744    0.00689114
     1    10    22   -0.983019    0.00709075
     1    10    23   -1.141016    0.00691676
     1    10    24   -1.044943    0.00711930
     1    10    25   -0.996910    0.00706045
     1    10    26   -1.100455    0.00712699
     1    10    27   -1.243903    0.00690772
     1    10    28   -1.066430    0.00710908
     1    10    29   -1.121179    0.00689977
     1    10    30   -1.150872    0.00711905
     1    10    31   -1.248020    0.00696737
     1    11     0   -1.136383    0.00717610
     1    11     1   -1.072988    0.00684647
     1    11     2   -1.052300    0.00716652
     1    11     3   -0.982583    0.00686017
     1    11     4   -0.970793    0.00718248
     1    11     5   -1.049910    0.00687188
     1    11     6   -1.145983    0.00720199
     1    11     7   -1.014163    0.00686430
     1    11     8   -1.005172    0.00715172
     1    11     9   -0.975872    0.00688977
     1    11    10   -1.046476    0.00717260
     1    11    11   -1.107446    0.00692052
     1    11    12   -1.075056    0.00716110
     1    11    13   -0.839928    0.00673168
     1    11    14   -1.139709    0.00718503
     1    11    15   -1.063786    0.00682104
     1    11    16   -1.196193    0.00719799
     1    11    17   -0.504432    0.00643102
     1    11    18   -1.078084    0.00717976
     1    11    19   -0.468635    0.00642145
     1    11    20   -1.046462    0.00716458
     1    11    21   -1.005156    0.00684242
     1    11    22   -1.077104    0.00714416
     1    11    23   -0.670679    0.00655532
     1    11    24   -1.052610    0.00717580
     1    11    25   -0.389890    0.00644583
     1    11    26   -1.079058    0.00718069
     1    11    27   -0.587466    0.00654752
     1    11    28   -1.116717    0.00716432
     1    11    29   -0.401254    0.00638732
     1    11    30   -1.018848    0.00720738
     1    11    31   -1.338089    0.00797961
